56624
56605
56565
56554
56514
56513
56507
56513
56514
56532
56527
56525
56511
56534
56540
56557
56558
56582
56599
56612
56613
56632
56666
56672
56691
56690
56738
56700
56710
56743
56765
56793
56785
56818
56832
56824
56862
56887
56884
56905
56847
56809
56802
56771
56736
56718
56708
56691
56661
56654
56643
56635
56634
56642
56626
56621
56618
56626
56627
56643
56639
56649
56658
56683
56660
56678
56691
56703
56696
56735
56736
56755
56772
56759
56788
56789
56801
56825
56837
56826
56834
56816
56793
56771
56751
56747
56719
56714
56709
56685
56653
56642
56674
56659
56644
56673
56658
56659
56649
56650
56666
56672
56680
56670
56690
56677
56708
56716
56739
56734
56734
56738
56784
56791
56769
56765
56773
56770
56794
56805
56800
56826
56844
56844
56865
56861
56839
56823
56800
56761
56755
56728
56720
56715
56691
56649
56622
56598
56582
56572
56604
56600
56588
56580
56582
56586
56572
56567
56572
56581
56562
56588
56587
56585
56596
56616
56593
56591
56612
56631
56636
56647
56654
56650
56661
56668
56677
56686
56728
56720
56735
56739
56764
56721
56698
56639
56643
56614
56587
56553
56552
56530
56508
56504
56481
56503
56489
56504
56496
56495
56479
56470
56492
56495
56495
56477
56481
56508
56522
56513
56540
56529
56563
56547
56558
56581
56570
56600
56581
56604
56602
56594
56628
56637
56622
56670
56681
56705
56712
56708
56688
56656
56604
56584
56609
56592
56603
56571
56567
56556
56519
56527
56526
56514
56543
56525
56537
56513
56527
56535
56574
56549
56562
56565
56575
56574
56588
56579
56611
56613
56605
56611
56632
56650
56650
56666
56658
56657
56678
56657
56700
56717
56735
56739
56734
56713
56673
56660
56643
56631
56616
56626
56599
56579
56565
56562
56556
56582
56574
56564
56569
56565
56571
56578
56600
56579
56593
56595
56611
56597
56620
56619
56643
56629
56642
56641
56657
56636
56663
56686
56671
56688
56708
56711
56720
56718
56714
56680
56637
56612
56595
56618
56625
56577
56579
56550
56526
56515
56537
56537
56539
56526
56520
56496
56504
56526
56542
56527
56542
56557
56564
56574
56576
56590
56582
56595
56601
56620
56639
56663
56656
56651
56668
56670
56683
56661
56732
56718
56744
56733
56743
56702
56632
56613
56607
56593
56585
56577
56563
56536
56501
56475
56495
56501
56499
56505
56509
56504
56473
56480
56475
56489
56503
56508
56528
56517
56532
56538
56526
56548
56572
56569
56569
56577
56587
56614
56619
56643
56635
56631
56650
56656
56686
56682
56676
56675
56681
56636
56585
56564
56542
56540
56542
56500
56505
56454
56452
56430
56419
56419
56416
56404
56442
56428
56396
56407
56427
56439
56428
56418
56438
56437
56441
56470
56457
56496
56482
56497
56479
56481
56515
56512
56538
56542
56536
56532
56558
56578
56581
56603
56597
56626
56606
56551
56519
56502
56469
56469
56474
56451
56419
56391
56381
56364
56378
56395
56395
56364
56367
56400
56354
56387
56374
56382
56416
56413
56432
56429
56435
56445
56430
56448
56442
56463
56464
56482
56514
56522
56519
56526
56507
56542
56554
56569
56582
56580
56596
56589
56551
56485
56488
56474
56468
56461
56442
56388
56388
56392
56397
56400
56396
56377
56398
56396
56386
56411
56417
56429
56408
56417
56450
56457
56447
56448
56451
56476
56495
56486
56511
56531
56549
56514
56533
56532
56549
56576
56572
56599
56605
56587
56573
56545
56506
56472
56498
56491
56459
56439
56406
56400
56395
56381
56377
56381
56416
56384
56379
56387
56399
56403
56419
56412
56426
56425
56443
56452
56437
56462
56464
56483
56488
56494
56502
56528
56524
56536
56526
56545
56555
56562
56592
56597
56612
56600
56559
56535
56484
56479
56473
56496
56443
56419
56387
56360
56353
56356
56350
56360
56345
56335
56323
56328
56316
56337
56345
56327
56331
56342
56334
56345
56344
56368
56352
56369
56366
56342
56360
56369
56361
56379
56386
56409
56426
56431
56419
56422
56434
56450
56464
56463
56419
56401
56367
56356
56376
56339
56310
56304
56268
56263
56248
56251
56242
56248
56243
56239
56241
56252
56236
56273
56258
56270
56261
56277
56267
56301
56306
56315
56330
56326
56339
56371
56359
56377
56367
56387
56424
56437
56432
56432
56444
56463
56470
56471
56469
56437
56393
56398
56408
56366
56370
56354
56334
56285
56291
56300
56307
56294
56294
56294
56285
56291
56297
56325
56330
56346
56353
56343
56352
56349
56399
56359
56382
56384
56411
56405
56415
56409
56443
56425
56436
56448
56460
56452
56501
56495
56506
56509
56465
56455
56438
56409
56415
56397
56404
56392
56355
56361
56363
56358
56367
56332
56367
56353
56364
56367
56371
56364
56356
56370
56398
56380
56383
56382
56408
56422
56437
56414
56407
56444
56440
56462
56444
56488
56472
56485
56494
56494
56501
56499
56517
56473
56464
56449
56419
56413
56428
56397
56383
56344
56332
56310
56302
56294
56314
56322
56303
56289
56299
56310
56286
56319
56316
56310
56332
56326
56329
56341
56345
56363
56367
56358
56389
56404
56403
56401
56435
56432
56446
56416
56431
56428
56478
56454
56453
56487
56490
56471
56459
56438
56415
56417
56386
56410
56358
56368
56329
56348
56347
56364
56356
56360
56338
56345
56348
56367
56388
56398
56380
56377
56375
56415
56409
56438
56436
56445
56465
56453
56479
56503
56502
56501
56523
56535
56541
56535
56547
56565
56590
56587
56576
56587
56553
56531
56522
56482
56506
56479
56479
56451
56448
56452
56437
56420
56428
56433
56442
56450
56442
56417
56429
56418
56459
56441
56459
56469
56470
56484
56465
56492
56510
56517
56534
56531
56546
56547
56556
56570
56571
56570
56600
56596
56604
56550
56534
56523
56507
56522
56486
56518
56488
56468
56473
56454
56473
56495
56473
56463
56480
56469
56477
56492
56491
56484
56490
56502
56515
56512
56530
56561
56529
56557
56578
56599
56596
56612
56614
56616
56622
56642
56651
56644
56630
56611
56563
56557
56545
56537
56528
56507
56498
56462
56468
56459
56443
56468
56478
56469
56467
56466
56468
56463
56497
56481
56489
56502
56492
56501
56508
56514
56536
56550
56549
56556
56570
56592
56596
56596
56590
56609
56614
56594
56608
56621
56634
56594
56544
56513
56517
56527
56511
56492
56460
56456
56421
56425
56418
56431
56426
56442
56441
56439
56433
56442
56439
56445
56446
56479
56465
56472
56498
56503
56500
56518
56518
56508
56500
56518
56559
56549
56569
56573
56592
56607
56593
56604
56620
56645
56648
56627
56593
56561
56532
56557
56530
56528
56495
56513
56483
56475
56469
56458
56482
56479
56462
56448
56457
56469
56464
56475
56472
56488
56492
56491
56511
56499
56513
56543
56546
56530
56536
56565
56574
56591
56572
56593
56589
56606
56618
56637
56642
56656
56638
56621
56610
56593
56560
56581
56553
56568
56532
56513
56502
56517
56539
56520
56522
56510
56529
56501
56525
56526
56559
56551
56559
56591
56576
56566
56587
56610
56612
56622
56642
56641
56637
56659
56655
56662
56669
56691
56698
56689
56655
56619
56621
56593
56600
56595
56581
56579
56538
56540
56533
56515
56540
56548
56534
56546
56543
56529
56569
56555
56584
56574
56604
56583
56607
56600
56620
56625
56627
56624
56616
56648
56657
56676
56639
56664
56678
56691
56691
56682
56674
56651
56610
56578
56581
56579
56566
56547
56495
56497
56474
56471
56449
56472
56463
56472
56457
56444
56453
56432
56460
56461
56472
56460
56475
56480
56482
56495
56503
56504
56522
56520
56511
56546
56534
56551
56566
56574
56566
56575
56604
56606
56592
56584
56548
56519
56478
56465
56470
56459
56424
56399
56386
56361
56369
56355
56385
56354
56333
56374
56351
56348
56371
56379
56366
56372
56382
56397
56399
56406
56414
56417
56448
56429
56439
56449
56454
56456
56474
56491
56532
56496
56512
56531
56540
56555
56543
56538
56523
56496
56472
56442
56451
56416
56420
56405
56406
56364
56357
56357
56362
56364
56372
56361
56349
56351
56338
56357
56365
56373
56380
56373
56395
56361
56388
56416
56419
56431
56440
56429
56424
56455
56487
56480
56489
56486
56504
56512
56527
56558
56549
56493
56472
56439
56439
56433
56423
56420
56388
56371
56341
56348
56342
56347
56367
56368
56382
56367
56357
56366
56378
56389
56376
56374
56373
56380
56403
56423
56398
56389
56415
56397
56416
56427
56408
56442
56446
56452
56463
56465
56482
56474
56433
56392
56407
56390
56367
56368
56339
56317
56323
56303
56291
56300
56284
56302
56304
56302
56291
56284
56302
56302
56312
56281
56315
56338
56333
56329
56353
56355
56361
56381
56395
56386
56393
56393
56411
56430
56419
56430
56426
56472
56461
56479
56464
56435
56400
56366
56368
56346
56342
56328
56296
56280
56247
56251
56241
56247
56250
56261
56242
56229
56224
56246
56269
56249
56250
56263
56260
56276
56268
56307
56299
56300
56317
56294
56325
56344
56348
56357
56353
56382
56395
56408
56402
56430
56420
56476
56432
56410
56384
56342
56331
56350
56349
56312
56280
56260
56253
56232
56234
56222
56228
56227
56247
56226
56238
56225
56248
56254
56243
56245
56268
56302
56286
56293
56317
56313
56328
56344
56345
56368
56371
56378
56410
56415
56410
56415
56444
56451
56470
56476
56499
56486
56475
56423
56398
56398
56369
56395
56388
56360
56316
56300
56314
56312
56309
56306
56318
56306
56295
56319
56313
56328
56353
56357
56369
56361
56371
56386
56388
56393
56392
56418
56444
56467
56473
56471
56503
56498
56509
56494
56514
56539
56543
56573
56556
56540
56543
56482
56451
56466
56481
56485
56477
56454
56444
56435
56439
56449
56468
56487
56464
56481
56472
56486
56509
56526
56524
56517
56527
56527
56563
56555
56576
56591
56608
56614
56610
56636
56643
56643
56647
56679
56684
56688
56696
56656
56657
56640
56627
56607
56626
56636
56621
56599
56570
56588
56590
56600
56615
56598
56619
56631
56622
56635
56645
56654
56665
56665
56672
56693
56707
56700
56716
56730
56734
56760
56766
56775
56780
56790
56804
56813
56821
56834
56831
56821
56831
56785
56758
56746
56739
56760
56738
56707
56714
56690
56695
56671
56653
56655
56670
56686
56676
56652
56673
56682
56688
56683
56675
56688
56706
56725
56719
56740
56749
56745
56762
56751
56779
56789
56792
56791
56800
56833
56838
56858
56861
56866
56879
56841
56799
56778
56753
56745
56746
56742
56743
56715
56687
56677
56669
56677
56680
56709
56684
56667
56666
56667
56664
56679
56688
56675
56690
56705
56714
56714
56721
56739
56758
56758
56757
56785
56777
56789
56796
56780
56819
56810
56827
56842
56836
56858
56859
56847
56824
56797
56787
56777
56776
56778
56764
56752
56739
56732
56724
56715
56722
56715
56721
56729
56730
56719
56722
56733
56732
56730
56742
56727
56728
56750
56759
56737
56758
56776
56773
56777
56797
56777
56775
56793
56785
56828
56815
56823
56810
56756
56731
56707
56699
56706
56709
56687
56684
56655
56662
56647
56651
56657
56657
56643
56654
56674
56660
56652
56659
56661
56664
56673
56683
56691
56680
56692
56697
56714
56703
56706
56714
56731
56732
56736
56751
56760
56763
56769
56785
56775
56784
56788
56764
56694
56675
56638
56644
56622
56622
56585
56574
56567
56561
56528
56539
56533
56526
56539
56537
56525
56526
56532
56544
56533
56558
56564
56552
56553
56571
56559
56573
56558
56582
56574
56582
56598
56599
56631
56611
56630
56645
56639
56646
56672
56676
56667
56659
56640
56591
56547
56515
56509
56516
56486
56477
56434
56422
56394
56405
56379
56403
56400
56397
56395
56390
56378
56374
56398
56400
56415
56421
56443
56421
56449
56440
56460
56472
56453
56483
56487
56509
56498
56517
56505
56585
56575
56587
56590
56598
56636
56618
56611
56552
56508
56471
56433
56435
56406
56406
56384
56350
56338
56351
56325
56322
56341
56318
56322
56306
56298
56311
56313
56312
56309
56339
56351
56345
56362
56351
56362
56373
56410
56399
56401
56412
56413
56431
56437
56434
56457
56484
56477
56501
56495
56434
56385
56349
56322
56305
56289
56278
56252
56225
56209
56210
56222
56209
56205
56207
56211
56200
56205
56216
56218
56200
56247
56246
56261
56286
56304
56322
56308
56329
56337
56356
56384
56398
56402
56406
56415
56416
56412
56447
56424
56454
56472
56406
56376
56344
56280
56279
56238
56232
56214
56208
56167
56157
56140
56128
56133
56146
56138
56122
56126
56133
56146
56159
56159
56160
56170
56176
56194
56193
56198
56229
56214
56242
56222
56248
56258
56266
56286
56286
56297
56319
56312
56359
56352
56346
56321
56268
56223
56212
56171
56160
56175
56168
56112
56101
56062
56074
56069
56078
56066
56057
56040
56068
56053
56075
56096
56086
56070
56092
56076
56066
56118
56113
56122
56133
56167
56155
56175
56171
56176
56174
56190
56205
56217
56234
56266
56275
56268
56262
56234
56171
56137
56109
56091
56086
56077
56023
56001
55982
55980
55993
55993
55988
55970
55979
55961
55975
55982
55973
55979
55962
55998
55996
56007
56007
55989
56014
56032
56029
56033
56024
56049
56047
56054
56050
56076
56092
56099
56073
56042
55980
55947
55926
55892
55884
55836
55822
55779
55750
55765
55758
55735
55758
55760
55760
55736
55752
55743
55759
55739
55752
55751
55774
55776
55771
55786
55796
55808
55814
55823
55843
55830
55843
55866
55867
55889
55905
55914
55923
55953
55941
55899
55815
55763
55757
55730
55728
55685
55674
55623
55575
55565
55562
55549
55560
55565
55567
55569
55558
55544
55549
55566
55561
55586
55582
55606
55615
55639
55640
55642
55662
55673
55669
55696
55717
55730
55749
55771
55780
55779
55790
55818
55831
55845
55829
55862
55784
55767
55736
55717
55720
55703
55668
55650
55597
55595
55582
55608
55613
55602
55582
55587
55586
55597
55613
55612
55638
55647
55670
55691
55676
55687
55711
55729
55753
55742
55749
55776
55774
55805
55848
55837
55862
55860
55876
55902
55901
55949
55963
55990
55984
55927
55881
55876
55828
55845
55837
55833
55807
55803
55770
55765
55787
55805
55783
55782
55787
55808
55792
55827
55832
55832
55843
55836
55875
55897
55877
55886
55906
55920
55940
55940
55960
55955
55999
55958
55999
56001
56025
56027
56060
56076
56077
56039
55994
55996
55971
55958
55964
55969
55941
55947
55919
55922
55927
55935
55950
55956
55952
55945
55955
55966
55952
55990
55987
56001
56009
56029
55997
56038
56052
56071
56079
56108
56099
56109
56153
56150
56153
56161
56179
56167
56207
56210
56199
56120
56079
56088
56077
56068
56052
56043
56009
56001
55969
55968
55985
56000
55982
55990
55963
55974
55979
55981
55998
56027
56013
56036
56012
56041
56033
56042
56069
56064
56079
56098
56092
56100
56117
56162
56146
56163
56160
56180
56163
56192
56222
56218
56210
56189
56109
56086
56070
56054
56070
56028
56044
56003
55983
55974
55947
55977
55976
55969
55995
55954
55961
55970
55985
55989
56005
55982
55998
56005
56003
56010
56053
56061
56054
56065
56081
56077
56111
56113
56135
56130
56141
56160
56166
56198
56206
56214
56240
56257
56226
56214
56179
56151
56118
56127
56120
56111
56083
56073
56050
56024
56037
56034
56067
56034
56044
56031
56031
56043
56037
56064
56063
56081
56081
56108
56112
56109
56116
56143
56151
56140
56156
56185
56177
56174
56193
56208
56237
56242
56255
56264
56281
56295
56305
56323
56297
56263
56221
56191
56195
56186
56201
56168
56161
56173
56142
56162
56133
56165
56147
56156
56145
56158
56166
56145
56185
56171
56180
56189
56215
56208
56197
56216
56213
56231
56241
56268
56240
56272
56292
56307
56296
56313
56332
56326
56340
56294
56257
56218
56222
56192
56190
56184
56180
56178
56148
56165
56176
56175
56174
56155
56163
56172
56150
56160
56192
56196
56197
56163
56214
56216
56204
56218
56230
56246
56242
56242
56274
56274
56249
56279
56288
56296
56273
56214
56193
56197
56177
56162
56133
56128
56101
56099
56068
56079
56074
56083
56063
56065
56070
56081
56077
56096
56089
56077
56080
56100
56086
56080
56095
56120
56130
56128
56145
56150
56166
56159
56192
56167
56180
56199
56213
56208
56228
56238
56181
56153
56115
56100
56098
56087
56075
56057
56042
55993
56011
56015
56037
56007
55969
56013
55996
55993
56003
55998
55995
56013
55994
56019
56026
56022
56030
56059
56029
56041
56052
56055
56062
56076
56097
56078
56097
56119
56100
56118
56125
56152
56145
56151
56140
56061
56058
56022
56012
55996
55990
55985
55954
55942
55898
55911
55904
55917
55913
55907
55886
55874
55890
55899
55900
55897
55901
55889
55913
55912
55899
55921
55927
55969
55957
55974
55964
55963
55995
55994
56012
56035
56022
56027
56042
56041
56073
56057
56081
56070
56062
55993
55979
55971
55970
55931
55938
55908
55883
55866
55854
55876
55848
55858
55864
55839
55845
55843
55845
55863
55852
55866
55876
55871
55893
55885
55896
55906
55928
55951
55939
55953
55969
55969
55974
55994
56016
56016
56039
56028
56047
56042
56083
56048
56027
55963
55969
55944
55934
55949
55937
55895
55869
55885
55861
55893
55901
55899
55874
55876
55882
55888
55890
55887
55918
55894
55906
55918
55913
55923
55937
55930
55944
55956
55981
55991
56012
56016
56015
56000
56045
56051
56062
56052
56035
56007
55954
55938
55901
55900
55900
55867
55846
55804
55805
55803
55822
55815
55804
55789
55775
55790
55788
55781
55785
55777
55798
55811
55821
55822
55853
55844
55873
55887
55895
55900
55913
55930
55938
55965
55973
55988
56000
56015
56036
56040
56051
56079
56065
56042
55999
55954
55921
55922
55908
55885
55884
55857
55833
55803
55803
55808
55828
55822
55833
55833
55823
55818
55827
55862
55847
55852
55870
55888
55905
55916
55936
55934
55941
55970
55970
56000
56006
55989
56027
56031
56050
56074
56066
56081
56113
56116
56123
56120
56148
56164
56149
56135
56077
56080
56050
56039
56076
56064
56031
56020
56000
56001
56016
56031
56025
56029
56027
56013
56066
56031
56055
56068
56073
56083
56092
56105
56111
56130
56130
56162
56155
56170
56196
56187
56206
56203
56217
56225
56250
56257
56270
56265
56301
56319
56307
56271
56254
56222
56200
56209
56225
56206
56194
56189
56192
56175
56210
56205
56201
56194
56200
56190
56222
56196
56238
56223
56245
56246
56255
56266
56273
56260
56266
56284
56298
56301
56293
56306
56335
56353
56362
56361
56352
56362
56346
56299
56283
56256
56248
56250
56231
56230
56231
56203
56181
56172
56195
56186
56189
56187
56200
56177
56187
56180
56183
56200
56204
56213
56213
56204
56216
56226
56226
56234
56246
56260
56258
56257
56270
56278
56294
56303
56302
56308
56317
56326
56327
56332
56296
56246
56214
56200
56192
56186
56166
56157
56112
56101
56104
56099
56103
56097
56096
56066
56071
56069
56076
56078
56095
56096
56076
56100
56085
56087
56101
56105
56101
56120
56117
56124
56124
56140
56140
56166
56163
56163
56151
56166
56177
56170
56166
56115
56098
56061
56051
56060
56045
56044
56019
55987
55973
55956
55961
55960
55975
55967
55946
55934
55931
55964
55946
55968
55954
55968
55996
55973
56009
56003
55996
56034
56030
56040
56039
56056
56074
56067
56097
56106
56106
56110
56077
56050
56000
56008
55969
55989
55988
55976
55939
55941
55911
55929
55936
55952
55935
55927
55914
55918
55941
55931
55946
55927
55924
55966
55959
55955
55976
55965
55997
56003
56008
55996
56043
56027
56024
56056
56053
56027
56021
55968
55949
55920
55926
55937
55910
55889
55879
55887
55883
55880
55868
55863
55861
55849
55853
55858
55858
55859
55885
55868
55890
55888
55870
55924
55900
55895
55901
55910
55945
55924
55966
55944
55952
55988
55978
55969
55940
55887
55859
55825
55831
55808
55781
55756
55732
