49591
49590
49574
49588
49576
49596
49580
49512
49462
49436
49439
49468
49492
49520
49541
49520
49558
49567
49577
49573
49562
49562
49582
49585
49613
49596
49541
49502
49475
49467
49465
49476
49489
49470
49501
49514
49522
49526
49538
49534
49543
49542
49549
49536
49538
49454
49404
49402
49356
49379
49390
49378
49368
49393
49395
49384
49400
49402
49414
49402
49422
49432
49423
49456
49373
49323
49305
49288
49298
49298
49312
49291
49317
49301
49343
49339
49336
49334
49354
49350
49351
49398
49379
49365
49311
49256
49271
49252
49258
49266
49296
49287
49308
49304
49300
49328
49321
49308
49319
49329
49329
49357
49356
49324
49251
49195
49190
49217
49225
49237
49246
49261
49267
49267
49265
49259
49247
49263
49264
49259
49281
49287
49272
49227
49202
49220
49221
49214
49223
49245
49261
49259
49268
49292
49287
49287
49287
49292
49287
49304
49306
49271
49216
49186
49224
49214
49232
49244
49277
49255
49281
49288
49290
49279
49303
49319
49320
49312
49313
49336
49311
49272
49233
49240
49242
49268
49279
49274
49283
49294
49295
49307
49321
49319
49315
49325
49324
49331
49354
49334
49308
49260
49226
49244
49286
49281
49307
49305
49315
49330
49336
49343
49370
49343
49371
49381
49395
49382
49391
49383
49330
49304
49281
49295
49328
49325
49335
49363
49362
49364
49375
49359
49377
49375
49373
49401
49394
49394
49392
49367
49326
49313
49318
49334
49348
49347
49395
49370
49380
49399
49421
49418
49422
49416
49401
49428
49443
49449
49381
49366
49328
49335
49338
49348
49366
49372
49394
49404
49400
49415
49418
49430
49433
49453
49454
49465
49467
49447
49396
49354
49337
49329
49334
49360
49352
49360
49370
49381
49392
49391
49401
49386
49409
49393
49422
49408
49424
49396
49370
49317
49292
49324
49330
49349
49357
49368
49377
49385
49386
49406
49403
49377
49392
49401
49394
49404
49410
49400
49333
49311
49287
49285
49292
49310
49316
49348
49361
49351
49355
49330
49335
49358
49360
49350
49368
49384
49383
49320
49281
49255
49227
49267
49275
49287
49279
49309
49319
49316
49323
49329
49314
49336
49337
49329
49324
49348
49294
49252
49205
49192
49215
49196
49225
49212
49221
49227
49261
49249
49244
49235
49254
49277
49276
49272
49280
49295
49236
49185
49151
49155
49145
49155
49156
49160
49174
49168
49168
49189
49190
49202
49180
49203
49216
49219
49219
49197
49189
49132
49094
49061
49063
49059
49093
49092
49082
49122
49126
49119
49121
49118
49118
49138
49158
49146
49150
49177
49175
49108
49072
49044
49022
49031
49044
49056
49043
49064
49091
49100
49095
49100
49089
49088
49089
49102
49118
49095
49113
49081
49024
48979
48981
48972
48988
48992
49009
49022
49015
49031
49028
49039
49034
49056
49055
49089
49072
49084
49105
49035
48979
48938
48935
48945
48916
48937
48940
48967
48969
48972
48994
48999
49007
49010
49023
49027
49034
49055
49048
48998
48939
48916
48895
48893
48876
48909
48903
48908
48944
48925
48940
48939
48950
48948
48962
48977
48978
48976
49004
49020
48944
48906
48854
48833
48853
48855
48842
48856
48861
48880
48892
48879
48894
48890
48911
48915
48932
48938
48959
48958
48972
48923
48869
48834
48816
48817
48818
48827
48834
48855
48862
48879
48902
48893
48900
48912
48931
48935
48930
48944
48967
48961
48923
48876
48836
48817
48824
48833
48848
48862
48860
48876
48886
48905
48906
48908
48917
48941
48941
48959
48961
48993
48975
48915
48877
48852
48823
48830
48845
48854
48879
48876
48901
48903
48906
48907
48918
48950
48927
48911
48937
48959
48966
48932
48914
48853
48799
48813
48809
48832
48810
48820
48824
48853
48866
48860
48859
48881
48896
48911
48915
48936
48921
48934
48922
48877
48829
48800
48778
48775
48770
48777
48794
48822
48832
48851
48845
48836
48858
48871
48865
48885
48898
48907
48916
48944
48926
48897
48852
48796
48802
48801
48802
48797
48809
48833
48861
48836
48866
48879
48871
48891
48905
48894
48911
48915
48937
48938
48904
48847
48790
48782
48760
48785
48784
48797
48805
48832
48832
48833
48846
48854
48869
48871
48891
48891
48908
48931
48926
48898
48853
48806
48764
48762
48770
48767
48776
48785
48798
48802
48806
48815
48830
48840
48855
48851
48884
48880
48892
48893
48865
48775
48753
48714
48701
48693
48689
48704
48710
48725
48749
48771
48780
48771
48761
48781
48804
48802
48798
48822
48839
48823
48753
48698
48661
48661
48644
48622
48638
48654
48676
48685
48705
48723
48738
48745
48739
48765
48771
48761
48788
48781
48793
48740
48696
48635
48628
48620
48620
48631
48638
48647
48677
48680
48693
48713
48710
48715
48724
48732
48753
48768
48785
48788
48754
48701
48650
48616
48592
48605
48626
48634
48650
48656
48673
48677
48682
48694
48697
48714
48707
48721
48750
48782
48770
48737
48679
48624
48592
48577
48593
48587
48603
48625
48678
48649
48644
48656
48657
48681
48689
48693
48708
48725
48739
48719
48651
48580
48543
48530
48518
48521
48554
48566
48571
48590
48599
48587
48612
48626
48644
48663
48660
48672
48699
48679
48616
48535
48496
48455
48455
48443
48465
48476
48492
48501
48519
48516
48529
48545
48555
48547
48560
48575
48599
48620
48578
48491
48434
48405
48371
48357
48357
48358
48365
48393
48402
48412
48422
48414
48448
48460
48472
48491
48500
48527
48524
48538
48493
48409
48335
48316
48292
48304
48302
48337
48352
48344
48360
48380
48397
48392
48407
48428
48458
48484
48478
48494
48514
48507
48463
48390
48320
48304
48296
48306
48316
48329
48358
48365
48387
48403
48392
48407
48419
48430
48440
48465
48481
48494
48504
48459
48391
48339
48276
48281
48273
48287
48294
48320
48329
48348
48341
48367
48357
48373
48409
48410
48440
48439
48451
48489
48459
48387
48318
48261
48247
48210
48229
48228
48236
48259
48259
48281
48300
48301
48307
48309
48328
48367
48378
48376
48385
48410
48348
48278
48206
48154
48137
48136
48118
48119
48135
48160
48172
48199
48203
48199
48222
48229
48261
48287
48275
48287
48318
48349
48325
48263
48179
48133
48105
48094
48119
48127
48134
48130
48161
48191
48207
48208
48231
48240
48260
48265
48285
48308
48314
48334
48357
48356
48264
48181
48160
48122
48124
48139
48173
48171
48209
48220
48243
48266
48254
48264
48296
48291
48317
48334
48357
48370
48389
48377
48307
48207
48155
48143
48140
48127
48155
48187
48227
48226
48235
48255
48266
48283
48278
48301
48323
48325
48349
48367
48396
48358
48272
48190
48137
48129
48117
48115
48130
48134
48155
48175
48194
48223
48226
48245
48265
48276
48296
48308
48333
48337
48401
48352
48247
48173
48110
48078
48094
48077
48076
48105
48109
48114
48148
48160
48190
48206
48209
48225
48240
48262
48279
48301
48315
48302
48264
48177
48103
48045
48039
48035
48052
48043
48053
48091
48109
48130
48148
48154
48178
48189
48211
48232
48245
48275
48306
48311
48320
48291
48230
48130
48079
48056
48053
48081
48093
48122
48117
48170
48188
48190
48177
48209
48226
48235
48274
48277
48303
48290
48329
48320
48249
48145
48097
48079
48048
48056
48082
48119
48136
48154
48160
48178
48197
48206
48214
48230
48253
48281
48284
48289
48316
48329
48257
48141
48104
48080
48064
48078
48089
48096
48107
48138
48157
48141
48187
48190
48199
48221
48248
48265
48283
48298
48344
48348
48257
48183
48117
48077
48065
48059
48072
48085
48103
48107
48124
48153
48181
48175
48189
48201
48219
48244
48270
48286
48306
48336
48348
48284
48169
48125
48095
48066
48085
48082
48085
48114
48134
48159
48163
48174
48183
48208
48229
48259
48259
48274
48319
48323
48347
48363
48320
48259
48162
48115
48096
48113
48085
48111
48118
48127
48154
48183
48163
48171
48184
48181
48196
48231
48240
48252
48254
48277
48219
48151
48063
48018
48004
47990
47992
48015
48029
48055
48064
48070
48067
48082
48125
48105
48125
48134
48164
48187
48224
48244
48211
48138
48044
47976
47957
47926
47913
47904
47905
47959
47959
47975
47993
48006
48008
48043
48065
48068
48095
48097
48128
48177
48186
48178
48146
48037
47971
47909
47884
47884
47909
47886
47938
47934
47982
48002
48009
48019
48053
48086
48105
48155
48152
48163
48190
48207
48245
48218
48146
48075
48005
47981
47991
47986
48001
48021
48025
48074
48078
48079
48099
48117
48123
48169
48165
48187
48219
48212
48249
48279
48282
48230
48144
48066
48019
48017
48025
48054
48076
48081
48108
48131
48119
48141
48154
48183
48190
48201
48227
48247
48262
48295
48295
48300
48213
48128
48054
48025
48017
48031
48019
48054
48086
48087
48120
48120
48135
48166
48167
48193
48208
48226
48250
48248
48291
48304
48255
48158
48037
47999
47969
47983
47963
47951
47988
48002
48031
48048
48078
48080
48105
48130
48158
48159
48181
48204
48221
48254
48269
48264
48169
48045
48008
47963
47949
47947
47943
47967
47968
48004
48036
48067
48104
48095
48114
48149
48159
48172
48196
48241
48244
48269
48292
48274
48176
48075
48017
47995
47993
47991
48027
48031
48047
48091
48100
48115
48147
48156
48188
48195
48209
48218
48251
48274
48312
48314
48303
48244
48139
48064
48025
48025
48041
48066
48088
48119
48152
48195
48220
48223
48246
48264
48277
48277
48319
48338
48357
48384
48392
48402
48320
48214
48143
48094
48079
48083
48086
48110
48133
48134
48151
48171
48189
48199
48234
48265
48281
48294
48300
48355
48365
48382
48359
48259
48167
48091
48085
48057
48052
48064
48077
48090
48116
48142
48160
48205
48200
48222
48244
48242
48275
48328
48331
48335
48366
48380
48319
48227
48132
48108
48073
48080
48071
48084
48118
48136
48171
48196
48222
48220
48225
48245
48278
48295
48327
48356
48358
48376
48388
48395
48316
48240
48124
48117
48104
48105
48122
48131
48198
48217
48241
48250
48261
48259
48286
48313
48329
48330
48369
48389
48395
48408
48416
48354
48243
48160
48133
48124
48160
48153
48187
48199
48214
48242
48265
48251
48261
48283
48309
48337
48342
48367
48398
48398
48408
48371
48273
48189
48126
48105
48099
48109
48112
48121
48162
48167
48180
48185
48217
48224
48243
48232
48261
48291
48309
48332
48360
48380
48321
48214
48095
48041
48035
48064
48041
48037
48066
48089
48104
48130
48124
48137
48169
48194
48206
48222
48245
48260
48306
48329
48351
48335
48228
48126
48067
48030
48019
48024
48055
48055
48097
48133
48143
48156
48166
48168
48185
48204
48227
48271
48282
48311
48318
48336
48330
48256
48148
48085
48043
48045
48055
48059
48103
48133
48143
48181
48198
48194
48193
48205
48234
48254
48258
48286
48314
48331
48355
48314
48203
48098
48028
48030
48036
48045
48069
48083
48106
48133
48132
48154
48158
48175
48186
48202
48229
48234
48270
48282
48307
48312
48193
48082
47997
47964
47946
47939
47956
47944
47963
48011
48017
48036
48063
48072
48060
48075
48099
48130
48153
48175
48198
48214
48186
48056
47957
47871
47847
47850
47825
47842
47842
47861
47883
47909
47941
47958
47964
47971
48006
48026
48041
48071
48094
48106
48130
48161
48080
47982
47882
47824
47787
47795
47803
47812
47850
47857
47897
47926
47938
47972
47961
47980
48000
48026
48051
48078
48088
48126
48151
48126
48026
47897
47853
47804
47803
47819
47846
47884
47905
47911
47931
47956
47940
47958
47967
48001
48007
48023
48048
48104
48101
48131
48118
48043
47879
47810
47778
47753
47761
47759
47785
47795
47844
47833
47876
47870
47889
47900
47898
47945
47971
47999
48010
48038
48072
48087
48002
47870
47726
47666
47645
47639
47652
47624
47641
47678
47728
47728
47750
47757
47793
47806
47814
47838
47889
47897
47911
47933
47974
47984
47974
47820
47705
47620
47568
47575
47602
47589
47620
47642
47675
47703
47723
47730
47761
47787
47788
47809
47853
47881
47909
47946
47956
47993
48030
48017
47934
47796
47695
47644
47628
47641
47661
47695
47722
47757
47781
47791
47811
47814
47840
47844
47861
47905
47924
47959
47983
48008
48033
48058
48053
47926
47810
47715
47673
47678
47695
47728
47760
47768
47805
47835
47831
47835
47862
47855
47890
47920
47947
47969
48005
48021
48062
48057
48016
47925
47771
47685
47671
47665
47666
47684
47721
47760
47757
47804
47808
47832
47861
47885
47905
47929
47937
47956
47993
48015
48050
48069
48056
47947
47792
47714
47669
47659
47660
47690
47697
47717
47746
47768
47792
47795
47825
47815
47829
47849
47865
47893
47930
47933
47972
47984
47991
47921
47770
47631
47566
47530
47530
47521
47541
47565
47575
47616
47638
47643
47655
47687
47696
47722
47736
47747
47782
47804
47832
47859
47895
47924
47874
47739
47602
47519
47492
47468
47474
47494
47519
47562
47581
47616
47641
47661
47660
47667
47697
47725
47770
47803
47846
47858
47894
47911
47954
47944
47860
47732
47619
47559
47550
47559
47633
47631
47686
47720
47727
47755
47760
47792
47782
47800
47843
47884
47896
47923
47943
47957
47988
48011
47979
47833
47703
47630
47596
47615
47645
47658
47688
47718
47762
47779
47783
47792
47821
47824
47844
47859
47906
47926
47945
47990
48007
48027
47971
47819
47675
47600
47581
47588
47598
47609
47657
47659
47703
47718
47742
47742
47768
47801
47813
47834
47856
47888
47901
47935
47963
47982
47926
47794
47659
47570
47548
47527
47538
47546
47581
47594
47620
47649
47678
47677
47703
47721
47736
47767
47799
47820
47879
47896
47909
47941
47951
47846
47720
47603
47558
47548
47549
47571
47607
47628
47652
47682
47719
47736
47744
47760
47791
47820
47841
47892
47907
47943
47955
47993
48029
47963
47873
47714
47651
47607
47636
47640
47666
47723
47746
47780
47802
47821
47837
47859
47866
47892
47900
47934
47980
48013
48040
48066
48094
48100
48022
47868
47782
47712
47709
47735
47777
47794
47842
47871
47896
47904
47908
47919
47939
47974
47999
48030
48045
48053
48097
48109
48121
48106
48001
47872
47788
47751
47746
47770
47808
47849
47894
47929
47935
47926
47947
47961
47983
48003
48032
48062
48091
48120
48128
48149
48137
48065
47880
47778
47728
47697
47716
47755
47761
47801
47834
47847
47868
47907
47890
47909
47922
47940
47963
48011
48001
48023
48042
48077
48009
47859
47689
47627
47586
47577
47591
47586
47610
47626
47661
47696
47729
47738
47766
47744
47794
47803
47822
47845
47900
47916
47944
47977
47927
47789
47623
47550
47494
47492
47512
47530
47544
47591
47642
47649
47672
47715
47727
47749
47772
47800
47840
47865
47891
47938
47964
48001
48005
47980
47877
47692
47583
47560
47574
47591
47602
47644
47694
47727
47756
47751
47780
47791
47790
47825
47827
47870
47915
47947
47969
47980
48020
48023
47977
47804
47680
47593
47592
47582
47621
47655
47707
47721
47751
47765
47764
47782
47801
47806
47840
47848
47885
47915
47939
47959
47970
47979
47861
47698
47571
47502
47484
47497
47516
47533
47580
47603
47619
47636
47647
47665
47694
47693
47740
47765
47783
47814
47830
47863
47876
47877
47788
47598
47465
47407
47377
47355
47381
47380
47421
47442
47453
47493
47497
47523
47540
47569
47583
47602
47642
47644
47703
47714
47755
47812
47824
47740
47583
47430
47341
47342
47323
47350
47368
47394
47424
47458
47497
47524
47527
47532
47574
47620
47614
47655
47680
47726
47769
47781
47821
47845
47837
47739
47583
47433
47367
47375
47390
47444
47459
47495
47532
47557
47581
47588
47596
47601
47649
47668
47680
47723
47750
47776
47817
47821
47858
47853
47727
47539
47432
47383
47384
47386
47431
47449
47507
47551
47540
47560
47564
47580
47584
47612
47631
47669
47693
47722
47770
47790
47799
47841
47765
47599
47422
47328
47308
47297
47286
47310
47333
47376
47408
47429
47456
47461
47473
47491
47507
47540
47581
47617
47671
47664
47698
47727
47760
47672
47520
47353
47227
47188
47173
47198
47207
47217
47259
47268
47321
47354
47375
47367
47395
47414
47457
47505
47519
47552
47578
47634
47657
47678
47713
47654
47516
47346
47246
47175
47182
47202
47241
47274
47311
47351
47362
47414
47417
47440
47457
47493
47515
47550
47588
47608
47630
47669
47701
47729
47777
47749
47649
47448
47323
47234
47266
47299
47323
47362
47427
47461
47471
47489
47488
47491
47524
47535
47575
47617
47645
47657
47674
47734
47739
47768
47779
47634
47465
47296
47265
47264
47298
47332
47366
47425
47444
47472
47485
47491
47503
47504
47534
47575
47590
47635
47675
47677
47719
47749
47773
47718
47547
47333
47228
47174
47176
47194
47210
47238
47271
47297
47316
47358
47363
47394
47390
47422
47442
47458
47490
47532
47551
47587
47619
47663
47617
47470
47261
47133
47085
47088
47087
47105
47125
47180
47216
47229
47258
47285
47302
47313
47336
47380
47404
47438
47506
47525
47551
47580
47610
47609
47554
47385
47199
47099
47089
47106
47133
47173
47218
47262
47296
47335
47343
47345
47342
47369
47382
47414
47464
47486
47518
47530
47579
47617
47635
47559
47368
47194
47126
47092
47109
47156
47212
47234
47289
47305
47312
47337
47322
47353
47368
47390
47413
47477
47504
47531
47533
47562
47579
47546
47387
47197
47070
47026
47010
47045
47073
47094
47113
47156
47180
47197
47231
47246
47268
47285
47285
47327
47352
47386
47395
47424
47461
47500
47407
47232
47050
46943
46888
46880
46881
46890
46910
46945
46992
47027
47054
47075
47101
47112
47139
47173
47219
47248
47282
47306
47353
47374
47418
47412
47333
47154
46973
46885
46876
46884
46870
46896
46937
46955
47016
47051
47081
47089
47113
47137
47171
47206
47236
47266
47305
47324
47374
47428
47421
47381
47233
47044
46915
46885
46892
46901
46936
46971
47023
47058
47060
47102
47109
47116
47157
47168
47200
47253
47265
47312
47331
47388
47407
47434
47365
47206
47037
46941
46897
46871
46885
46921
46925
46958
47009
47054
47066
47072
47110
47131
47140
47176
47210
47248
47267
47313
47334
47369
47419
47421
47334
47166
46992
46892
46868
46859
46855
46865
46893
46917
46965
46987
47019
47041
47077
47096
47122
47159
47179
47243
47271
47306
47344
47394
47434
47459
47472
47371
47184
47024
46966
46946
46950
46984
46984
47010
47079
47095
47131
47152
47174
47193
47230
47263
47287
47325
47368
47409
47454
47473
47507
47519
47563
47491
47354
47184
47076
47050
47068
47086
47112
47150
47185
47228
47243
47252
47271
47296
47299
47336
47351
47407
47436
47472
47484
47529
47562
47579
47587
47491
47307
47170
47063
47045
47050
47044
47084
47097
47128
47165
47185
47207
47229
47250
47282
47298
47323
47358
47384
47429
47462
47502
47500
47543
47546
47515
47377
47183
47042
46984
46964
46961
46955
46996
47012
47056
47091
47128
47151
47173
47182
47199
47239
47286
47305
47356
47380
47403
47448
47473
47515
47567
47513
47358
47190
47067
47005
46989
46994
47022
47055
47096
47118
47152
47179
47204
47212
47238
47266
47286
47338
47367
47402
47439
47463
47504
47529
47560
47581
47554
47425
47246
47115
47068
47070
47119
47168
47196
47235
47269
47303
47309
47308
47315
47360
47379
47408
47429
47484
47509
47533
47548
47594
47616
47611
47514
47305
47156
47082
47070
47103
47121
47182
47197
47245
47274
47282
47312
47321
47348
47356
47392
47413
47472
47487
47522
47535
47578
47587
47619
47511
47331
47154
47054
47026
47010
47040
47053
47071
47108
47147
47177
47212
47207
47238
47249
47275
47308
47319
47364
47411
47426
47474
47506
47512
47522
47377
47210
47035
46971
46970
46977
46979
47005
47030
47077
47121
47146
47170
47192
47220
47244
47266
47283
47331
47360
47399
47427
47486
47499
47546
47558
47484
47317
47137
47053
47013
47033
47053
47108
47115
47193
47221
47240
47248
47255
47279
47295
47312
47332
47372
47409
47437
